1 2 46 76 1 False 10 2
29 12 77 107 1 False 14 2
23 16 81 111 1 False 10 2
14 15 91 121 1 False 15 2
15 14 91 121 1 False 15 2
35 36 101 131 1 False 11 2
4 30 118 148 1 False 19 2
12 13 130 160 1 False 17 2
29 28 135 165 1 False 12 2
4 5 145 175 1 False 17 2
16 17 165 195 1 False 18 2
2 3 93 199 1 False 14 2
16 15 79 220 1 False 18 2
15 16 79 230 1 False 13 2
30 31 64 242 1 False 11 2
36 37 90 251 1 False 13 2
12 13 130 267 1 False 17 2
22 23 238 268 1 False 11 2
14 13 168 319 1 False 16 2
3 4 102 331 1 False 14 2
37 38 58 339 1 False 16 2
15 14 91 341 1 False 19 2
5 25 143 348 1 False 12 2
17 18 123 348 1 False 12 2
13 14 168 358 1 False 17 2
28 27 179 374 1 False 11 2
23 16 81 379 1 False 17 2
31 32 114 386 1 False 10 2
16 17 165 425 1 False 16 2
32 33 41 457 1 False 15 2
13 14 168 465 1 False 17 2
25 26 90 468 1 False 14 2
13 12 130 479 1 False 18 2
14 15 91 479 1 False 18 2
16 15 79 488 1 False 14 2
18 19 118 496 1 False 16 2
4 5 145 506 1 False 11 2
27 33 122 526 1 False 12 2
14 13 168 539 1 False 19 2
17 18 123 578 1 False 11 2
19 20 58 584 1 False 10 2
12 29 77 586 1 False 13 2
14 15 91 586 1 False 13 2
15 16 79 588 1 False 16 2
15 14 91 609 1 False 19 2
33 27 122 609 1 False 19 2
5 6 76 612 1 False 16 2
26 27 128 626 1 False 17 2
20 21 52 666 1 False 18 2
38 29 322 691 1 False 13 2
15 16 79 695 1 False 19 2
13 12 130 699 1 False 15 2
16 34 91 709 1 False 10 2
6 7 82 724 1 False 15 2
18 19 118 726 1 False 19 2
29 28 135 751 1 False 14 2
33 31 197 753 1 False 17 2
21 22 88 784 1 False 16 2
29 12 77 798 1 False 18 2
19 20 58 814 1 False 12 2
27 28 179 818 1 False 18 2
34 16 90 829 1 False 12 2
27 28 179 835 1 False 11 2
12 24 106 835 1 False 11 2
31 30 64 847 1 False 10 2
16 17 165 890 1 False 17 2
7 8 139 893 1 False 19 2
20 21 52 896 1 False 16 2
16 15 79 938 1 False 10 2
14 24 305 944 1 False 19 2
12 13 130 958 1 False 10 2
28 27 179 960 1 False 13 2
28 29 135 983 1 False 16 2
30 4 118 995 1 False 14 2
8 9 74 997 1 False 17 2
28 29 135 1000 1 False 14 2
21 22 88 1014 1 False 15 2
17 18 124 1044 1 False 11 2
22 23 238 1052 1 False 13 2
15 14 91 1059 1 False 11 2
29 12 77 1090 1 False 10 2
9 10 79 1106 1 False 15 2
24 10 133 1107 1 False 14 2
29 12 77 1107 1 False 14 2
27 26 128 1118 1 False 13 2
4 30 118 1143 1 False 18 2
13 14 168 1156 1 False 10 2
23 16 81 1163 1 False 19 2
18 19 118 1192 1 False 15 2
10 9 79 1216 1 False 11 2
30 31 63 1236 1 False 12 2
26 25 90 1238 1 False 15 2
12 13 130 1250 1 False 13 2
24 38 390 1255 1 False 18 2
14 13 168 1257 1 False 11 2
10 11 129 1265 1 False 13 2
12 13 130 1267 1 False 16 2
16 15 79 1272 1 False 16 2
14 15 91 1277 1 False 11 2
19 20 58 1280 1 False 18 2
22 23 238 1282 1 False 11 2
9 8 74 1320 1 False 19 2
38 37 58 1343 1 False 11 2
20 21 52 1362 1 False 13 2
31 32 114 1380 1 False 10 2
15 16 79 1386 1 False 19 2
23 16 81 1393 1 False 17 2
15 14 91 1393 1 False 17 2
25 5 143 1411 1 False 14 2
13 12 130 1417 1 False 14 2
13 14 168 1448 1 False 13 2
32 33 41 1451 1 False 15 2
11 12 157 1452 1 False 19 2
37 36 90 1463 1 False 13 2
13 14 168 1465 1 False 16 2
21 22 88 1480 1 False 11 2
8 7 139 1489 1 False 13 2
16 15 79 1502 1 False 15 2
12 29 77 1524 1 False 18 2
14 15 91 1569 1 False 14 2
16 17 165 1581 1 False 12 2
14 15 91 1586 1 False 12 2
5 4 145 1586 1 False 12 2
14 13 168 1591 1 False 17 2
36 35 101 1594 1 False 14 2
7 6 82 1601 1 False 12 2
33 27 122 1603 1 False 16 2
12 13 130 1612 1 False 12 2
15 14 91 1623 1 False 16 2
15 16 79 1678 1 False 12 2
29 28 135 1689 1 False 16 2
15 16 79 1695 1 False 15 2
6 5 76 1707 1 False 13 2
35 36 101 1725 1 False 10 2
17 18 123 1734 1 False 16 2
22 23 238 1748 1 False 18 2
13 12 130 1751 1 False 10 2
4 5 145 1761 1 False 15 2
16 34 91 1799 1 False 13 2
13 14 168 1810 1 False 12 2
27 28 179 1812 1 False 15 2
36 37 85 1840 1 False 17 2
23 16 73 1851 1 False 11 2
12 29 93 1874 1 False 19 2
16 17 152 1877 1 False 11 2
18 19 115 1879 1 False 14 2
28 27 166 1885 1 False 13 2
14 15 61 1901 1 False 17 2
5 4 164 1901 1 False 17 2
34 16 84 1913 1 False 15 2
5 25 133 1924 1 False 14 2
28 29 96 1938 1 False 16 2
16 15 61 1942 1 False 12 2
14 24 296 1949 1 False 10 2
19 20 49 1958 1 False 16 2
37 38 112 1982 1 False 12 2
15 16 61 1992 1 False 18 2
29 28 96 2000 1 False 10 2
17 18 97 2004 1 False 16 2
16 15 61 2004 1 False 16 2
4 3 87 2018 1 False 17 2
20 21 39 2027 1 False 18 2
15 14 61 2033 1 False 17 2
27 33 152 2067 1 False 19 2
29 12 118 2086 1 False 10 2
15 14 61 2095 1 False 11 2
25 26 142 2096 1 False 15 2
3 2 74 2122 1 False 15 2
21 22 65 2122 1 False 15 2
18 19 111 2145 1 False 17 2
16 17 131 2153 1 False 19 2
28 27 146 2176 1 False 16 2
2 1 35 2187 1 False 11 2
26 27 75 2201 1 False 12 2
12 13 100 2216 1 False 17 2
24 10 242 2221 1 False 12 2
19 20 49 2224 1 False 19 2
1 2 35 2252 1 False 12 2
17 18 97 2280 1 False 14 2
27 26 75 2281 1 False 13 2
22 23 132 2284 1 False 10 2
14 13 226 2289 1 False 15 2
20 21 39 2293 1 False 11 2
33 31 220 2317 1 False 18 2